0 [-0.39973605 -0.62619925 -0.37374714 -0.37888116 -0.41919503 -0.42751294
 -0.50934917 -0.24309215 -0.37798798 -0.44816929 -0.48954976 -0.27650031
 -0.48868436 -0.51699132  0.85600257 -0.33862278 -0.40285295 -0.50019473
 -0.27090606 -0.21516286 -0.34282467 -0.40143925 -0.43817711 -0.30342734
  0.11470699 -0.364499   -0.5032838  -0.27479148  0.01443952 -0.34393841
 -0.44529608 -0.39183295 -0.32237929 -0.24036831 -0.5373702  -0.37712872
  1.69162035 -0.34122804 -0.28102583 -0.36606789 -0.25956681 -0.43920386
 -0.16315685 -0.30205318 -0.38750237 -0.28559136 -0.26705533 -0.18475881
 -0.49735767 -0.37872356 -0.3410705  -0.34608823 -0.61440951 -0.33220518
 -0.42569694  1.11294305 -0.19823548 -0.06771249 -0.51986217 -0.2831448
 -0.19791415 -0.28729093 -0.25570771  0.85234559  0.64282256 -0.52874386
 -0.3038134  -0.34219334 -0.40954706 -0.58777362 -0.29712984 -0.50983906
 -0.13386136 -0.23018712  0.92735654  0.19071764  1.20162737 -0.45434934
 -0.44964531 -0.46321341  1.70078182 -0.33539265 -0.24468051  2.47055531
 -0.23889336 -0.39398572 -0.4232839  -0.3432107  -0.24407569 -0.08201887
 -0.10696817 -0.12450158 -0.57191986 -0.33711389 -0.34622329 -0.48355833
 -0.31994259 -0.04442539  1.94972312 -0.47809678 -0.3674489  -0.11191831
 -0.43231767 -0.06245871 -0.21115774  1.7628597  -0.31930631 -0.33640829
 -0.447891   -0.16667973 -0.06559199 -0.31297061 -0.03420045 -0.30619061
 -0.49494785 -0.10553183 -0.18511145 -0.40161067 -0.15333802 -0.47548378
  0.86364776 -0.22434013 -0.29606104 -0.48706675 -0.19478633 -0.33875883
 -0.30068618 -0.29177269]1 [-3.51913238 -6.27905893 -4.74711037 -4.69672394 -5.23176384 -4.62715197
 -5.44179726 -2.47542191 -4.85115099 -3.8784802  -5.05989981 -3.86646056
 -4.14507818 -5.27968788 16.14916229 -4.38924932 -4.9193902  -5.82522154
 -3.89023542 -4.00637102 -4.3204689  -4.9239502  -5.33122444 -3.57335377
 -1.18097103 -4.4714365  -3.9813962  -3.42807579 -1.25325251 -4.83026505
 -5.81463814 -5.25606346 -4.04268694 -4.15052652 -4.88741875 -4.57561588
 22.16950607 -4.51559639 -3.9786489  -5.19644499 -3.80840755 -5.92715693
 -2.71905923 -3.87561083 -4.36118317 -3.98193479 -3.84142184 -3.31659794
 -4.88637495 -5.14094257 -4.42392826 -4.58231354 -5.60131788 -4.31158686
 -5.40766954 20.02424049 -2.09921956 -2.37075639 -5.76902914 -2.21012831
 -2.66345429 -3.947155   -3.54944491 15.93073273 13.26673889 -2.70628262
 -4.27141142 -4.76159286 -4.58911085 -5.25571346 -1.75520587 -4.20256042
 -2.10161328 -3.80243015 16.27552986 -0.59159255 21.84563828 -4.66141987
 -5.59508944 -5.2676053  25.2196331  -3.84698701 -2.15463281 27.23962021
 -0.99268806 -5.13796663 -4.81136894 -4.46022511 -4.01537561 -2.04612851
 -2.55222154 -1.64294183 -5.9860754  -3.89011955 -4.12419319 -5.42517853
 -4.54824829 -2.68438745 26.9668026  -4.63884878 -5.04016924 -1.92350674
 -5.07627487 -2.30888915 -1.99504483 24.46120071 -2.65318346 -4.57307911
 -5.06880236 -2.0246489  -1.27014959 -4.04341793 -1.80872977 -4.01368952
 -4.71792698 -2.9162004  -3.09461355 -4.82019424 -2.29800344 -5.42726421
 18.71634293 -3.30307055 -4.14106417 -2.17643189 -3.22947478 -5.02979088
 -3.71160364 -4.38685465]2 [-5.40161371 -9.54284668 -7.20300627 -7.14748573 -7.95788097 -7.0456562
 -8.28919792 -3.719805   -7.39305449 -5.95476913 -7.70037079 -5.85025167
 -6.33626127 -8.02225971 24.32561302 -6.6592536  -7.50048018 -8.86124325
 -5.9181118  -6.09178066 -6.55765724 -7.49470472 -8.10843849 -5.41921949
 -1.73054719 -6.78875732 -6.08406973 -5.19888258 -1.83453333 -7.34993505
 -8.84024715 -8.00109577 -6.11961126 -6.30191374 -7.4805212  -6.98839474
 33.64910126 -6.85427189 -6.06119823 -7.89296818 -5.79811668 -9.05414486
 -4.11020374 -5.84509468 -6.64526176 -6.0658493  -5.84898472 -5.02963734
 -7.49821234 -7.85176563 -6.73133993 -6.96509838 -8.58753395 -6.54597712
 -8.22825527 30.34693336 -3.13373232 -3.56447792 -8.77594662 -3.38913059
 -4.03163099 -6.00804472 -5.36711836 24.03792953 20.06417084 -4.19360399
 -6.50764179 -7.25219345 -6.92418432 -8.0053072  -2.78046942 -6.44741774
 -3.14910507 -5.79083252 24.50589943 -0.85465944 33.04336548 -7.0941
 -8.51177883 -8.02731609 38.43858719 -5.85695219 -3.29931331 41.51882935
 -1.57958937 -7.81144142 -7.30408573 -6.74620008 -6.11475849 -3.11501503
 -3.86377144 -2.42590904 -9.10826874 -5.90689468 -6.27326679 -8.23748493
 -6.90347767 -4.05650806 40.79264069 -7.0692544  -7.66907978 -2.86839461
 -7.70793438 -3.49793482 -2.94648528 37.28408432 -4.06248951 -6.94974709
 -7.7013607  -3.03706551 -1.9148432  -6.145473   -2.71569729 -6.09076595
 -7.2287612  -4.39696121 -4.68216801 -7.32963896 -3.43380547 -8.25806141
 28.2996769  -5.01201725 -6.29102135 -3.3667798  -4.8783536  -7.65623808
 -5.63775492 -6.67772007]3 [-1.32004690e+00 -1.94855976e+00 -1.18838799e+00 -1.31087506e+00
 -1.44985592e+00 -1.50646615e+00 -1.69763565e+00 -8.48723114e-01
 -1.23154223e+00 -1.42814744e+00 -1.66623664e+00 -8.70127797e-01
 -1.56660461e+00 -1.61286867e+00  2.77826715e+00 -1.11238253e+00
 -1.35072637e+00 -1.71314144e+00 -9.73032594e-01 -9.01564002e-01
 -1.11312544e+00 -1.35353351e+00 -1.46650076e+00 -1.03463483e+00
  1.37768775e-01 -1.29014611e+00 -1.56469476e+00 -8.20751786e-01
  1.85875967e-03 -1.14645267e+00 -1.47196329e+00 -1.38272250e+00
 -1.15110946e+00 -9.27301586e-01 -1.76534331e+00 -1.29000974e+00
  5.23092318e+00 -1.04061329e+00 -1.04515433e+00 -1.32186675e+00
 -8.69064331e-01 -1.45755947e+00 -5.80479741e-01 -9.89957988e-01
 -1.32741964e+00 -9.86234784e-01 -9.48535621e-01 -7.60335565e-01
 -1.63690984e+00 -1.32191801e+00 -1.24362338e+00 -1.26427317e+00
 -1.98130679e+00 -1.04510593e+00 -1.38347673e+00  3.52042007e+00
 -6.48206532e-01 -3.47768486e-01 -1.80738068e+00 -1.05068815e+00
 -7.20469117e-01 -9.82533574e-01 -8.89950395e-01  2.61856818e+00
  2.57606077e+00 -1.62297821e+00 -1.05741298e+00 -1.13476634e+00
 -1.33949780e+00 -1.84988284e+00 -1.02696013e+00 -1.63431454e+00
 -5.41452229e-01 -8.68822277e-01  2.99349642e+00  4.63542610e-01
  4.02457285e+00 -1.55955875e+00 -1.54278350e+00 -1.58665586e+00
  5.58021116e+00 -1.08386207e+00 -8.12445760e-01  8.10907078e+00
 -7.95692563e-01 -1.34817910e+00 -1.44253421e+00 -1.19602060e+00
 -8.91473651e-01 -4.02273029e-01 -4.25865352e-01 -4.13462102e-01
 -1.99119127e+00 -1.21356487e+00 -1.03928351e+00 -1.54918647e+00
 -1.00859618e+00 -5.73505282e-01  6.48369741e+00 -1.60997427e+00
 -1.26147211e+00 -4.06400532e-01 -1.49173319e+00 -3.08588445e-01
 -6.91937864e-01  5.93992805e+00 -1.02107882e+00 -1.08158576e+00
 -1.51016545e+00 -5.11751294e-01 -1.98756486e-01 -1.10872960e+00
  3.04815233e-01 -1.03264070e+00 -1.56086528e+00 -4.76291180e-01
 -5.76033652e-01 -1.42535186e+00 -4.86057937e-01 -1.58578849e+00
  2.81932139e+00 -6.61849380e-01 -1.00135148e+00 -1.71932912e+00
 -6.74746633e-01 -1.17412615e+00 -1.07224357e+00 -9.82230842e-01]4 [-2.10117412 -3.7827158  -2.84990168 -2.80963326 -3.13443923 -2.79242921
 -3.26780987 -1.52014101 -2.89603186 -2.32206273 -3.0246613  -2.31240416
 -2.48089314 -3.18687987  9.63057423 -2.61188984 -2.92864966 -3.49440408
 -2.308249   -2.37571406 -2.57628512 -2.93136859 -3.17507362 -2.13135695
 -0.72432286 -2.68081808 -2.41055107 -2.05114651 -0.7657308  -2.87994933
 -3.45052814 -3.1570487  -2.41999102 -2.46561551 -2.93748236 -2.73724413
 13.11335564 -2.6900456  -2.36491132 -3.09137678 -2.25618291 -3.52739668
 -1.62392724 -2.32946134 -2.63129449 -2.38220239 -2.29156709 -1.97183096
 -2.91020942 -3.07882953 -2.63247943 -2.73289299 -3.35615015 -2.57563758
 -3.22772169 11.93361759 -1.25953591 -1.40732789 -3.44956565 -1.33564687
 -1.59957385 -2.36619067 -2.1222043   9.48490238  7.78445053 -1.6582731
 -2.53624392 -2.83916593 -2.75417781 -3.1747787  -1.04756773 -2.53158951
 -1.27634585 -2.25907683  9.73294735 -0.37314186 13.01299095 -2.81489992
 -3.33579087 -3.15325832 14.9074688  -2.30313087 -1.29405046 16.23689461
 -0.60414219 -3.06647277 -2.88130713 -2.69107938 -2.38580418 -1.20889187
 -1.4896301  -0.99205351 -3.59849143 -2.33836842 -2.47134137 -3.25722408
 -2.7056756  -1.5961858  16.10185242 -2.81184244 -2.98972368 -1.15395164
 -3.04208684 -1.3708241  -1.22232223 14.56545258 -1.59768546 -2.73188496
 -3.03699803 -1.21136379 -0.75184625 -2.42397618 -1.06679142 -2.41079831
 -2.82144666 -1.7327534  -1.83510363 -2.88276792 -1.36235046 -3.2440815
 11.00822735 -1.98761547 -2.47531223 -1.35222185 -1.9239099  -3.00302935
 -2.23358965 -2.60304284]