24 1017 1522
14 1291 1637 1619 966 997 1205 1861 978 1741 1791
02 1095 1870 1314 1847 1410 1534 1478 1764 1781 1700 1304 1704 1098 1178 1738 1784 1162 389 919
04 1505 1696 1641 1419 1421 1802 900 1564 1618 939 1726 1814 1161 1658 1527 1424 414 1387 1234 914 1883 920 1908 1183 1633 1033 1450 905 1268 970 1088 1397 1731 1150
23 1184 1621 1835
01 1171 1364 1599 1077 1400 990 1575 1055 1411 1660 1433 1822 1050 1451 973 1325 1422 1363 958 1670 951 1865 1905 1773 1710 1073 1356 1594 1708 1852
13 1810 1886 1467 1735 1557 1267 1597 1149 483 1563 1603 1004 1799 1669 1617 1750 1789
03 596 1625 1825 1649 1144 1260 1770 1848 1876 1010 1489 1850 989 1350 1044 1246 1229 1500 1503 1529 1682 1719 1259 1051 1438 1115 988 1328 1907 1508 969 1482 933 994 1236 1469 1170 1275 971 1406 1037
34 1671 1909 1767 1217 1001 1512 376 1283 1778 1365 1265 972 1069 1389 1513 1743 1407 1769 1880 1572 1615 1485 1692 1458 1766 1114 922 1274 1885 1196 1846 1398 1313 1744 1369 1543 1702 1484 475 1425 1555 1039 1440 1900 1718
12 953 1243 1341 1826 1101 1547 1238 1339 993 1083 960 1752 1849 1604 1683 1530 1302 1153 1509 1230 1172 1665 1620 1250 1006 1842 1416 1107 1488 1761 1717 1117 1598 1675 1076 1898 1491 1483 1570 947 1757 1124 1668 1271 1623 1191 1256 1712 1132 1329 1793 1125 1420 1689 1608 916 1079 1175
